SUM: 15
AVG: 3
MAX: 5
MIN: 1
FXP: [2.7182818284590455, 7.389056098930649, 20.08553692318766, 54.598150033144265, 148.41315910257657]
FPO: [2.7182818284590455, 14.778112197861297, 60.25661076956301, 218.39260013257706, 742.065795512883]
FSN: [0.8414709848078965, 0.9092974268256817, 0.1411200080598671, -0.7568024953079275, -0.9589242746631357]
FCS: [0.5403023058681397, -0.41614683654714246, -0.9899924966004455, -0.6536436208636125, 0.28366218546322675]
